0000
0001
0002
0003
0004
0005
0006
0007
0008
0009
000x
0020
0021
0022
0023
0024
0025
0026
0027
0028
0029
002x
0040
0041
0042
0043
0044
0045
0046
0047
0048
0049
004x
0060
0061
0062
0063
0064
0065
0066
0067
0068
0069
006x
0080
0081
0082
0083
0084
0085
0086
0087
0088
0089
008x
0100
0101
0102
0103
0104
0105
0106
0107
0108
0109
010x
0120
0121
0122
0123
0124
0125
0126
0127
0128
0129
012x
0140
0141
0142
0143
0144
0145
0146
0147
0148
0149
014x
0160
0161
0162
0163
0164
0165
0166
0167
0168
0169
016x
0180
0181
0182
0183
0184
0185
0186
0187
0188
0189
018x
0200
0201
0202
0203
0204
0205
0206
0207
0208
0209
020x
0220
0221
0222
0223
0224
0225
0226
0227
0228
0229
022x
0240
0241
0242
0243
0244
0245
0246
0247
0248
0249
024x
0260
0261
0262
0263
0264
0265
0266
0267
0268
0269
026x
0280
0281
0282
0283
0284
0285
0286
0287
0288
0289
028x
0300
0301
0302
0303
0304
0305
0306
0307
0308
0309
030x
0320
0321
0322
0323
0324
0325
0326
0327
0328
0329
032x
0340
0341
0342
0343
0344
0345
0346
0347
0348
0349
034x
0360
0361
0362
0363
0364
0365
0366
0367
0368
0369
036x
0380
0381
0382
0383
0384
0385
0386
0387
0388
0389
038x
0400
0401
0402
0403
0404
0405
0406
0407
0408
0409
040x
0420
0421
0422
0423
0424
0425
0426
0427
0428
0429
042x
0440
0441
0442
0443
0444
0445
0446
0447
0448
0449
044x
0460
0461
0462
0463
0464
0465
0466
0467
0468
0469
046x
0480
0481
0482
0483
0484
0485
0486
0487
0488
0489
048x
0500
0501
0502
0503
0504
0505
0506
0507
0508
0509
050x
0520
0521
0522
0523
0524
0525
0526
0527
0528
0529
052x
0540
0541
0542
0543
0544
0545
0546
0547
0548
0549
054x
0560
0561
0562
0563
0564
0565
0566
0567
0568
0569
056x
0580
0581
0582
0583
0584
0585
0586
0587
0588
0589
058x
0600
0601
0602
0603
0604
0605
0606
0607
0608
0609
060x
0620
0621
0622
0623
0624
0625
0626
0627
0628
0629
062x
0640
0641
0642
0643
0644
0645
0646
0647
0648
0649
064x
0660
0661
0662
0663
0664
0665
0666
0667
0668
0669
066x
0680
0681
0682
0683
0684
0685
0686
0687
0688
0689
068x
0700
0701
0702
0703
0704
0705
0706
0707
0708
0709
070x
0720
0721
0722
0723
0724
0725
0726
0727
0728
0729
072x
0740
0741
0742
0743
0744
0745
0746
0747
0748
0749
074x
0760
0761
0762
0763
0764
0765
0766
0767
0768
0769
076x
0780
0781
0782
0783
0784
0785
0786
0787
0788
0789
078x
0800
0801
0802
0803
0804
0805
0806
0807
0808
0809
080x
0820
0821
0822
0823
0824
0825
0826
0827
0828
0829
082x
0840
0841
0842
0843
0844
0845
0846
0847
0848
0849
084x
0860
0861
0862
0863
0864
0865
0866
0867
0868
0869
086x
0880
0881
0882
0883
0884
0885
0886
0887
0888
0889
088x
0900
0901
0902
0903
0904
0905
0906
0907
0908
0909
090x
0920
0921
0922
0923
0924
0925
0926
0927
0928
0929
092x
0940
0941
0942
0943
0944
0945
0946
0947
0948
0949
094x
0960
0961
0962
0963
0964
0965
0966
0967
0968
0969
096x
0980
0981
0982
0983
0984
0985
0986
0987
0988
0989
098x
1000
1001
1002
1003
1004
1005
1006
1007
1008
1009
100x
1020
1021
1022
1023
1024
1025
1026
1027
1028
1029
102x
1040
1041
1042
1043
1044
1045
1046
1047
1048
1049
104x
1060
1061
1062
1063
1064
1065
1066
1067
1068
1069
106x
1080
1081
1082
1083
1084
1085
1086
1087
1088
1089
108x
1100
1101
1102
1103
1104
1105
1106
1107
1108
1109
110x
1120
1121
1122
1123
1124
1125
1126
1127
1128
1129
112x
1140
1141
1142
1143
1144
1145
1146
1147
1148
1149
114x
1160
1161
1162
1163
1164
1165
1166
1167
1168
1169
116x
1180
1181
1182
1183
1184
1185
1186
1187
1188
1189
118x
1200
1201
1202
1203
1204
1205
1206
1207
1208
1209
120x
1220
1221
1222
1223
1224
1225
1226
1227
1228
1229
122x
1240
1241
1242
1243
1244
1245
1246
1247
1248
1249
124x
1260
1261
1262
1263
1264
1265
1266
1267
1268
1269
126x
1280
1281
1282
1283
1284
1285
1286
1287
1288
1289
128x
1300
1301
1302
1303
1304
1305
1306
1307
1308
1309
130x
1320
1321
1322
1323
1324
1325
1326
1327
1328
1329
132x
1340
1341
1342
1343
1344
1345
1346
1347
1348
1349
134x
1360
1361
1362
1363
1364
1365
1366
1367
1368
1369
136x
1380
1381
1382
1383
1384
1385
1386
1387
1388
1389
138x
1400
1401
1402
1403
1404
1405
1406
1407
1408
1409
140x
1420
1421
1422
1423
1424
1425
1426
1427
1428
1429
142x
1440
1441
1442
1443
1444
1445
1446
1447
1448
1449
144x
1460
1461
1462
1463
1464
1465
1466
1467
1468
1469
146x
1480
1481
1482
1483
1484
1485
1486
1487
1488
1489
148x
1500
1501
1502
1503
1504
1505
1506
1507
1508
1509
150x
1520
1521
1522
1523
1524
1525
1526
1527
1528
1529
152x
1540
1541
1542
1543
1544
1545
1546
1547
1548
1549
154x
1560
1561
1562
1563
1564
1565
1566
1567
1568
1569
156x
1580
1581
1582
1583
1584
1585
1586
1587
1588
1589
158x
1600
1601
1602
1603
1604
1605
1606
1607
1608
1609
160x
1620
1621
1622
1623
1624
1625
1626
1627
1628
1629
162x
1640
1641
1642
1643
1644
1645
1646
1647
1648
1649
164x
1660
1661
1662
1663
1664
1665
1666
1667
1668
1669
166x
1680
1681
1682
1683
1684
1685
1686
1687
1688
1689
168x
1700
1701
1702
1703
1704
1705
1706
1707
1708
1709
170x
1720
1721
1722
1723
1724
1725
1726
1727
1728
1729
172x
1740
1741
1742
1743
1744
1745
1746
1747
1748
1749
174x
1760
1761
1762
1763
1764
1765
1766
1767
1768
1769
176x
1780
1781
1782
1783
1784
1785
1786
1787
1788
1789
178x
1800
1801
1802
1803
1804
1805
1806
1807
1808
1809
180x
1820
1821
1822
1823
1824
1825
1826
1827
1828
1829
182x
1840
1841
1842
1843
1844
1845
1846
1847
1848
1849
184x
1860
1861
1862
1863
1864
1865
1866
1867
1868
1869
186x
1880
1881
1882
1883
1884
1885
1886
1887
1888
1889
188x
1900
1901
1902
1903
1904
1905
1906
1907
1908
1909
190x
1920
1921
1922
1923
1924
1925
1926
1927
1928
1929
192x
1940
1941
1942
1943
1944
1945
1946
1947
1948
1949
194x
1960
1961
1962
1963
1964
1965
1966
1967
1968
1969
196x
1980
1981
1982
1983
1984
1985
1986
1987
1988
1989
198x
2000
2001
2002
2003
2004
2005
2006
2007
2008
2009
200x
2020
2021
2022
2023
2024
2025
2026
2027
2028
2029
202x
2040
2041
2042
2043
2044
2045
2046
2047
2048
2049
204x
2060
2061
2062
2063
2064
2065
2066
2067
2068
2069
206x
2080
2081
2082
2083
2084
2085
2086
2087
2088
2089
208x
2100
2101
2102
2103
2104
2105
2106
2107
2108
2109
210x
2120
2121
2122
2123
2124
2125
2126
2127
2128
2129
212x
2140
2141
2142
2143
2144
2145
2146
2147
2148
2149
214x
2160
2161
2162
2163
2164
2165
2166
2167
2168
2169
216x
2180
2181
2182
2183
2184
2185
2186
2187
2188
2189
218x
2200
2201
2202
2203
2204
2205
2206
2207
2208
2209
220x
2220
2221
2222
2223
2224
2225
2226
2227
2228
2229
222x
2240
2241
2242
2243
2244
2245
2246
2247
2248
2249
224x
2260
2261
2262
2263
2264
2265
2266
2267
2268
2269
226x
2280
2281
2282
2283
2284
2285
2286
2287
2288
2289
228x
2300
2301
2302
2303
2304
2305
2306
2307
2308
2309
230x
2320
2321
2322
2323
2324
2325
2326
2327
2328
2329
232x
2340
2341
2342
2343
2344
2345
2346
2347
2348
2349
234x
2360
2361
2362
2363
2364
2365
2366
2367
2368
2369
236x
2380
2381
2382
2383
2384
2385
2386
2387
2388
2389
238x
2400
2401
2402
2403
2404
2405
2406
2407
2408
2409
240x
2420
2421
2422
2423
2424
2425
2426
2427
2428
2429
242x
2440
2441
2442
2443
2444
2445
2446
2447
2448
2449
244x
2460
2461
2462
2463
2464
2465
2466
2467
2468
2469
246x
2480
2481
2482
2483
2484
2485
2486
2487
2488
2489
248x
2500
2501
2502
2503
2504
2505
2506
2507
2508
2509
250x
2520
2521
2522
2523
2524
2525
2526
2527
2528
2529
252x
2540
2541
2542
2543
2544
2545
2546
2547
2548
2549
254x
2560
2561
2562
2563
2564
2565
2566
2567
2568
2569
256x
2580
2581
2582
2583
2584
2585
2586
2587
2588
2589
258x
2600
2601
2602
2603
2604
2605
2606
2607
2608
2609
260x
2620
2621
2622
2623
2624
2625
2626
2627
2628
2629
262x
2640
2641
2642
2643
2644
2645
2646
2647
2648
2649
264x
2660
2661
2662
2663
2664
2665
2666
2667
2668
2669
266x
2680
2681
2682
2683
2684
2685
2686
2687
2688
2689
268x
2700
2701
2702
2703
2704
2705
2706
2707
2708
2709
270x
2720
2721
2722
2723
2724
2725
2726
2727
2728
2729
272x
2740
2741
2742
2743
2744
2745
2746
2747
2748
2749
274x
2760
2761
2762
2763
2764
2765
2766
2767
2768
2769
276x
2780
2781
2782
2783
2784
2785
2786
2787
2788
2789
278x
2800
2801
2802
2803
2804
2805
2806
2807
2808
2809
280x
2820
2821
2822
2823
2824
2825
2826
2827
2828
2829
282x
2840
2841
2842
2843
2844
2845
2846
2847
2848
2849
284x
2860
2861
2862
2863
2864
2865
2866
2867
2868
2869
286x
2880
2881
2882
2883
2884
2885
2886
2887
2888
2889
288x
2900
2901
2902
2903
2904
2905
2906
2907
2908
2909
290x
2920
2921
2922
2923
2924
2925
2926
2927
2928
2929
292x
2940
2941
2942
2943
2944
2945
2946
2947
2948
2949
294x
2960
2961
2962
2963
2964
2965
2966
2967
2968
2969
296x
2980
2981
2982
2983
2984
2985
2986
2987
2988
2989
298x
3000
3001
3002
3003
3004
3005
3006
3007
3008
3009
300x
3020
3021
3022
3023
3024
3025
3026
3027
3028
3029
302x
3040
3041
3042
3043
3044
3045
3046
3047
3048
3049
304x
3060
3061
3062
3063
3064
3065
3066
3067
3068
3069
306x
3080
3081
3082
3083
3084
3085
3086
3087
3088
3089
308x
3100
3101
3102
3103
3104
3105
3106
3107
3108
3109
310x
3120
3121
3122
3123
3124
3125
3126
3127
3128
3129
312x
3140
3141
3142
3143
3144
3145
3146
3147
3148
3149
314x
3160
3161
3162
3163
3164
3165
3166
3167
3168
3169
316x
3180
3181
3182
3183
3184
3185
3186
3187
3188
3189
318x
3200
3201
3202
3203
3204
3205
3206
3207
3208
3209
320x
3220
3221
3222
3223
3224
3225
3226
3227
3228
3229
322x
3240
3241
3242
3243
3244
3245
3246
3247
3248
3249
324x
3260
3261
3262
3263
3264
3265
3266
3267
3268
3269
326x
3280
3281
3282
3283
3284
3285
3286
3287
3288
3289
328x
3300
3301
3302
3303
3304
3305
3306
3307
3308
3309
330x
3320
3321
3322
3323
3324
3325
3326
3327
3328
3329
332x
3340
3341
3342
3343
3344
3345
3346
3347
3348
3349
334x
3360
3361
3362
3363
3364
3365
3366
3367
3368
3369
336x
3380
3381
3382
3383
3384
3385
3386
3387
3388
3389
338x
3400
3401
3402
3403
3404
3405
3406
3407
3408
3409
340x
3420
3421
3422
3423
3424
3425
3426
3427
3428
3429
342x
3440
3441
3442
3443
3444
3445
3446
3447
3448
3449
344x
3460
3461
3462
3463
3464
3465
3466
3467
3468
3469
346x
3480
3481
3482
3483
3484
3485
3486
3487
3488
3489
348x
3500
3501
3502
3503
3504
3505
3506
3507
3508
3509
350x
3520
3521
3522
3523
3524
3525
3526
3527
3528
3529
352x
3540
3541
3542
3543
3544
3545
3546
3547
3548
3549
354x
3560
3561
3562
3563
3564
3565
3566
3567
3568
3569
356x
3580
3581
3582
3583
3584
3585
3586
3587
3588
3589
358x
3600
3601
3602
3603
3604
3605
3606
3607
3608
3609
360x
3620
3621
3622
3623
3624
3625
3626
3627
3628
3629
362x
3640
3641
3642
3643
3644
3645
3646
3647
3648
3649
364x
3660
3661
3662
3663
3664
3665
3666
3667
3668
3669
366x
3680
3681
3682
3683
3684
3685
3686
3687
3688
3689
368x
3700
3701
3702
3703
3704
3705
3706
3707
3708
3709
370x
3720
3721
3722
3723
3724
3725
3726
3727
3728
3729
372x
3740
3741
3742
3743
3744
3745
3746
3747
3748
3749
374x
3760
3761
3762
3763
3764
3765
3766
3767
3768
3769
376x
3780
3781
3782
3783
3784
3785
3786
3787
3788
3789
378x
3800
3801
3802
3803
3804
3805
3806
3807
3808
3809
380x
3820
3821
3822
3823
3824
3825
3826
3827
3828
3829
382x
3840
3841
3842
3843
3844
3845
3846
3847
3848
3849
384x
3860
3861
3862
3863
3864
3865
3866
3867
3868
3869
386x
3880
3881
3882
3883
3884
3885
3886
3887
3888
3889
388x
3900
3901
3902
3903
3904
3905
3906
3907
3908
3909
390x
3920
3921
3922
3923
3924
3925
3926
3927
3928
3929
392x
3940
3941
3942
3943
3944
3945
3946
3947
3948
3949
394x
3960
3961
3962
3963
3964
3965
3966
3967
3968
3969
396x
3980
3981
3982
3983
3984
3985
3986
3987
3988
3989
398x
4000
4001
4002
4003
4004
4005
4006
4007
4008
4009
400x
4020
4021
4022
4023
4024
4025
4026
4027
4028
4029
402x
4040
4041
4042
4043
4044
4045
4046
4047
4048
4049
404x
4060
4061
4062
4063
4064
4065
4066
4067
4068
4069
406x
4080
4081
4082
4083
4084
4085
4086
4087
4088
4089
408x
4100
4101
4102
4103
4104
4105
4106
4107
4108
4109
410x
4120
4121
4122
4123
4124
4125
4126
4127
4128
4129
412x
4140
4141
4142
4143
4144
4145
4146
4147
4148
4149
414x
4160
4161
4162
4163
4164
4165
4166
4167
4168
4169
416x
4180
4181
4182
4183
4184
4185
4186
4187
4188
4189
418x
4200
4201
4202
4203
4204
4205
4206
4207
4208
4209
420x
4220
4221
4222
4223
4224
4225
4226
4227
4228
4229
422x
4240
4241
4242
4243
4244
4245
4246
4247
4248
4249
424x
4260
4261
4262
4263
4264
4265
4266
4267
4268
4269
426x
4280
4281
4282
4283
4284
4285
4286
4287
4288
4289
428x
4300
4301
4302
4303
4304
4305
4306
4307
4308
4309
430x
4320
4321
4322
4323
4324
4325
4326
4327
4328
4329
432x
4340
4341
4342
4343
4344
4345
4346
4347
4348
4349
434x
4360
4361
4362
4363
4364
4365
4366
4367
4368
4369
436x
4380
4381
4382
4383
4384
4385
4386
4387
4388
4389
438x
4400
4401
4402
4403
4404
4405
4406
4407
4408
4409
440x
4420
4421
4422
4423
4424
4425
4426
4427
4428
4429
442x
4440
4441
4442
4443
4444
4445
4446
4447
4448
4449
444x
4460
4461
4462
4463
4464
4465
4466
4467
4468
4469
446x
4480
4481
4482
4483
4484
4485
4486
4487
4488
4489
448x
4500
4501
4502
4503
4504
4505
4506
4507
4508
4509
450x
4520
4521
4522
4523
4524
4525
4526
4527
4528
4529
452x
4540
4541
4542
4543
4544
4545
4546
4547
4548
4549
454x
4560
4561
4562
4563
4564
4565
4566
4567
4568
4569
456x
4580
4581
4582
4583
4584
4585
4586
4587
4588
4589
458x
4600
4601
4602
4603
4604
4605
4606
4607
4608
4609
460x
4620
4621
4622
4623
4624
4625
4626
4627
4628
4629
462x
4640
4641
4642
4643
4644
4645
4646
4647
4648
4649
464x
4660
4661
4662
4663
4664
4665
4666
4667
4668
4669
466x
4680
4681
4682
4683
4684
4685
4686
4687
4688
4689
468x
4700
4701
4702
4703
4704
4705
4706
4707
4708
4709
470x
4720
4721
4722
4723
4724
4725
4726
4727
4728
4729
472x
4740
4741
4742
4743
4744
4745
4746
4747
4748
4749
474x
4760
4761
4762
4763
4764
4765
4766
4767
4768
4769
476x
4780
4781
4782
4783
4784
4785
4786
4787
4788
4789
478x
4800
4801
4802
4803
4804
4805
4806
4807
4808
4809
480x
4820
4821
4822
4823
4824
4825
4826
4827
4828
4829
482x
4840
4841
4842
4843
4844
4845
4846
4847
4848
4849
484x
4860
4861
4862
4863
4864
4865
4866
4867
4868
4869
486x
4880
4881
4882
4883
4884
4885
4886
4887
4888
4889
488x
4900
4901
4902
4903
4904
4905
4906
4907
4908
4909
490x
4920
4921
4922
4923
4924
4925
4926
4927
4928
4929
492x
4940
4941
4942
4943
4944
4945
4946
4947
4948
4949
494x
4960
4961
4962
4963
4964
4965
4966
4967
4968
4969
496x
4980
4981
4982
4983
4984
4985
4986
4987
4988
4989
498x
5000
5001
5002
5003
5004
5005
5006
5007
5008
5009
500x
5020
5021
5022
5023
5024
5025
5026
5027
5028
5029
502x
5040
5041
5042
5043
5044
5045
5046
5047
5048
5049
504x
5060
5061
5062
5063
5064
5065
5066
5067
5068
5069
506x
5080
5081
5082
5083
5084
5085
5086
5087
5088
5089
508x
5100
5101
5102
5103
5104
5105
5106
5107
5108
5109
510x
5120
5121
5122
5123
5124
5125
5126
5127
5128
5129
512x
5140
5141
5142
5143
5144
5145
5146
5147
5148
5149
514x
5160
5161
5162
5163
5164
5165
5166
5167
5168
5169
516x
5180
5181
5182
5183
5184
5185
5186
5187
5188
5189
518x
5200
5201
5202
5203
5204
5205
5206
5207
5208
5209
520x
5220
5221
5222
5223
5224
5225
5226
5227
5228
5229
522x
5240
5241
5242
5243
5244
5245
5246
5247
5248
5249
524x
5260
5261
5262
5263
5264
5265
5266
5267
5268
5269
526x
5280
5281
5282
5283
5284
5285
5286
5287
5288
5289
528x
5300
5301
5302
5303
5304
5305
5306
5307
5308
5309
530x
5320
5321
5322
5323
5324
5325
5326
5327
5328
5329
532x
5340
5341
5342
5343
5344
5345
5346
5347
5348
5349
534x
5360
5361
5362
5363
5364
5365
5366
5367
5368
5369
536x
5380
5381
5382
5383
5384
5385
5386
5387
5388
5389
538x
5400
5401
5402
5403
5404
5405
5406
5407
5408
5409
540x
5420
5421
5422
5423
5424
5425
5426
5427
5428
5429
542x
5440
5441
5442
5443
5444
5445
5446
5447
5448
5449
544x
5460
5461
5462
5463
5464
5465
5466
5467
5468
5469
546x
5480
5481
5482
5483
5484
5485
5486
5487
5488
5489
548x
5500
5501
5502
5503
5504
5505
5506
5507
5508
5509
550x
5520
5521
5522
5523
5524
5525
5526
5527
5528
5529
552x
5540
5541
5542
5543
5544
5545
5546
5547
5548
5549
554x
5560
5561
5562
5563
5564
5565
5566
5567
5568
5569
556x
5580
5581
5582
5583
5584
5585
5586
5587
5588
5589
558x
5600
5601
5602
5603
5604
5605
5606
5607
5608
5609
560x
5620
5621
5622
5623
5624
5625
5626
5627
5628
5629
562x
5640
5641
5642
5643
5644
5645
5646
5647
5648
5649
564x
5660
5661
5662
5663
5664
5665
5666
5667
5668
5669
566x
5680
5681
5682
5683
5684
5685
5686
5687
5688
5689
568x
5700
5701
5702
5703
5704
5705
5706
5707
5708
5709
570x
5720
5721
5722
5723
5724
5725
5726
5727
5728
5729
572x
5740
5741
5742
5743
5744
5745
5746
5747
5748
5749
574x
5760
5761
5762
5763
5764
5765
5766
5767
5768
5769
576x
5780
5781
5782
5783
5784
5785
5786
5787
5788
5789
578x
5800
5801
5802
5803
5804
5805
5806
5807
5808
5809
580x
5820
5821
5822
5823
5824
5825
5826
5827
5828
5829
582x
5840
5841
5842
5843
5844
5845
5846
5847
5848
5849
584x
5860
5861
5862
5863
5864
5865
5866
5867
5868
5869
586x
5880
5881
5882
5883
5884
5885
5886
5887
5888
5889
588x
5900
5901
5902
5903
5904
5905
5906
5907
5908
5909
590x
5920
5921
5922
5923
5924
5925
5926
5927
5928
5929
592x
5940
5941
5942
5943
5944
5945
5946
5947
5948
5949
594x
5960
5961
5962
5963
5964
5965
5966
5967
5968
5969
596x
5980
5981
5982
5983
5984
5985
5986
5987
5988
5989
598x
6000
6001
6002
6003
6004
6005
6006
6007
6008
6009
600x
6020
6021
6022
6023
6024
6025
6026
6027
6028
6029
602x
6040
6041
6042
6043
6044
6045
6046
6047
6048
6049
604x
6060
6061
6062
6063
6064
6065
6066
6067
6068
6069
606x
6080
6081
6082
6083
6084
6085
6086
6087
6088
6089
608x
6100
6101
6102
6103
6104
6105
6106
6107
6108
6109
610x
6120
6121
6122
6123
6124
6125
6126
6127
6128
6129
612x
6140
6141
6142
6143
6144
6145
6146
6147
6148
6149
614x
6160
6161
6162
6163
6164
6165
6166
6167
6168
6169
616x
6180
6181
6182
6183
6184
6185
6186
6187
6188
6189
618x
6200
6201
6202
6203
6204
6205
6206
6207
6208
6209
620x
6220
6221
6222
6223
6224
6225
6226
6227
6228
6229
622x
6240
6241
6242
6243
6244
6245
6246
6247
6248
6249
624x
6260
6261
6262
6263
6264
6265
6266
6267
6268
6269
626x
6280
6281
6282
6283
6284
6285
6286
6287
6288
6289
628x
6300
6301
6302
6303
6304
6305
6306
6307
6308
6309
630x
6320
6321
6322
6323
6324
6325
6326
6327
6328
6329
632x
6340
6341
6342
6343
6344
6345
6346
6347
6348
6349
634x
6360
6361
6362
6363
6364
6365
6366
6367
6368
6369
636x
6380
6381
6382
6383
6384
6385
6386
6387
6388
6389
638x
6400
6401
6402
6403
6404
6405
6406
6407
6408
6409
640x
6420
6421
6422
6423
6424
6425
6426
6427
6428
6429
642x
6440
6441
6442
6443
6444
6445
6446
6447
6448
6449
644x
6460
6461
6462
6463
6464
6465
6466
6467
6468
6469
646x
6480
6481
6482
6483
6484
6485
6486
6487
6488
6489
648x
6500
6501
6502
6503
6504
6505
6506
6507
6508
6509
650x
6520
6521
6522
6523
6524
6525
6526
6527
6528
6529
652x
6540
6541
6542
6543
6544
6545
6546
6547
6548
6549
654x
6560
6561
6562
6563
6564
6565
6566
6567
6568
6569
656x
6580
6581
6582
6583
6584
6585
6586
6587
6588
6589
658x
6600
6601
6602
6603
6604
6605
6606
6607
6608
6609
660x
6620
6621
6622
6623
6624
6625
6626
6627
6628
6629
662x
6640
6641
6642
6643
6644
6645
6646
6647
6648
6649
664x
6660
6661
6662
6663
6664
6665
6666
6667
6668
6669
666x
6680
6681
6682
6683
6684
6685
6686
6687
6688
6689
668x
6700
6701
6702
6703
6704
6705
6706
6707
6708
6709
670x
6720
6721
6722
6723
6724
6725
6726
6727
6728
6729
672x
6740
6741
6742
6743
6744
6745
6746
6747
6748
6749
674x
6760
6761
6762
6763
6764
6765
6766
6767
6768
6769
676x
6780
6781
6782
6783
6784
6785
6786
6787
6788
6789
678x
6800
6801
6802
6803
6804
6805
6806
6807
6808
6809
680x
6820
6821
6822
6823
6824
6825
6826
6827
6828
6829
682x
6840
6841
6842
6843
6844
6845
6846
6847
6848
6849
684x
6860
6861
6862
6863
6864
6865
6866
6867
6868
6869
686x
6880
6881
6882
6883
6884
6885
6886
6887
6888
6889
688x
6900
6901
6902
6903
6904
6905
6906
6907
6908
6909
690x
6920
6921
6922
6923
6924
6925
6926
6927
6928
6929
692x
6940
6941
6942
6943
6944
6945
6946
6947
6948
6949
694x
6960
6961
6962
6963
6964
6965
6966
6967
6968
6969
696x
6980
6981
6982
6983
6984
6985
6986
6987
6988
6989
698x
7000
7001
7002
7003
7004
7005
7006
7007
7008
7009
700x
7020
7021
7022
7023
7024
7025
7026
7027
7028
7029
702x
7040
7041
7042
7043
7044
7045
7046
7047
7048
7049
704x
7060
7061
7062
7063
7064
7065
7066
7067
7068
7069
706x
7080
7081
7082
7083
7084
7085
7086
7087
7088
7089
708x
7100
7101
7102
7103
7104
7105
7106
7107
7108
7109
710x
7120
7121
7122
7123
7124
7125
7126
7127
7128
7129
712x
7140
7141
7142
7143
7144
7145
7146
7147
7148
7149
714x
7160
7161
7162
7163
7164
7165
7166
7167
7168
7169
716x
7180
7181
7182
7183
7184
7185
7186
7187
7188
7189
718x
7200
7201
7202
7203
7204
7205
7206
7207
7208
7209
720x
7220
7221
7222
7223
7224
7225
7226
7227
7228
7229
722x
7240
7241
7242
7243
7244
7245
7246
7247
7248
7249
724x
7260
7261
7262
7263
7264
7265
7266
7267
7268
7269
726x
7280
7281
7282
7283
7284
7285
7286
7287
7288
7289
728x
7300
7301
7302
7303
7304
7305
7306
7307
7308
7309
730x
7320
7321
7322
7323
7324
7325
7326
7327
7328
7329
732x
7340
7341
7342
7343
7344
7345
7346
7347
7348
7349
734x
7360
7361
7362
7363
7364
7365
7366
7367
7368
7369
736x
7380
7381
7382
7383
7384
7385
7386
7387
7388
7389
738x
7400
7401
7402
7403
7404
7405
7406
7407
7408
7409
740x
7420
7421
7422
7423
7424
7425
7426
7427
7428
7429
742x
7440
7441
7442
7443
7444
7445
7446
7447
7448
7449
744x
7460
7461
7462
7463
7464
7465
7466
7467
7468
7469
746x
7480
7481
7482
7483
7484
7485
7486
7487
7488
7489
748x
7500
7501
7502
7503
7504
7505
7506
7507
7508
7509
750x
7520
7521
7522
7523
7524
7525
7526
7527
7528
7529
752x
7540
7541
7542
7543
7544
7545
7546
7547
7548
7549
754x
7560
7561
7562
7563
7564
7565
7566
7567
7568
7569
756x
7580
7581
7582
7583
7584
7585
7586
7587
7588
7589
758x
7600
7601
7602
7603
7604
7605
7606
7607
7608
7609
760x
7620
7621
7622
7623
7624
7625
7626
7627
7628
7629
762x
7640
7641
7642
7643
7644
7645
7646
7647
7648
7649
764x
7660
7661
7662
7663
7664
7665
7666
7667
7668
7669
766x
7680
7681
7682
7683
7684
7685
7686
7687
7688
7689
768x
7700
7701
7702
7703
7704
7705
7706
7707
7708
7709
770x
7720
7721
7722
7723
7724
7725
7726
7727
7728
7729
772x
7740
7741
7742
7743
7744
7745
7746
7747
7748
7749
774x
7760
7761
7762
7763
7764
7765
7766
7767
7768
7769
776x
7780
7781
7782
7783
7784
7785
7786
7787
7788
7789
778x
7800
7801
7802
7803
7804
7805
7806
7807
7808
7809
780x
7820
7821
7822
7823
7824
7825
7826
7827
7828
7829
782x
7840
7841
7842
7843
7844
7845
7846
7847
7848
7849
784x
7860
7861
7862
7863
7864
7865
7866
7867
7868
7869
786x
7880
7881
7882
7883
7884
7885
7886
7887
7888
7889
788x
7900
7901
7902
7903
7904
7905
7906
7907
7908
7909
790x
7920
7921
7922
7923
7924
7925
7926
7927
7928
7929
792x
7940
7941
7942
7943
7944
7945
7946
7947
7948
7949
794x
7960
7961
7962
7963
7964
7965
7966
7967
7968
7969
796x
7980
7981
7982
7983
7984
7985
7986
7987
7988
7989
798x
8000
8001
8002
8003
8004
8005
8006
8007
8008
8009
800x
8020
8021
8022
8023
8024
8025
8026
8027
8028
8029
802x
8040
8041
8042
8043
8044
8045
8046
8047
8048
8049
804x
8060
8061
8062
8063
8064
8065
8066
8067
8068
8069
806x
8080
8081
8082
8083
8084
8085
8086
8087
8088
8089
808x
8100
8101
8102
8103
8104
8105
8106
8107
8108
8109
810x
8120
8121
8122
8123
8124
8125
8126
8127
8128
8129
812x
8140
8141
8142
8143
8144
8145
8146
8147
8148
8149
814x
8160
8161
8162
8163
8164
8165
8166
8167
8168
8169
816x
8180
8181
8182
8183
8184
8185
8186
8187
8188
8189
818x
8200
8201
8202
8203
8204
8205
8206
8207
8208
8209
820x
8220
8221
8222
8223
8224
8225
8226
8227
8228
8229
822x
8240
8241
8242
8243
8244
8245
8246
8247
8248
8249
824x
8260
8261
8262
8263
8264
8265
8266
8267
8268
8269
826x
8280
8281
8282
8283
8284
8285
8286
8287
8288
8289
828x
8300
8301
8302
8303
8304
8305
8306
8307
8308
8309
830x
8320
8321
8322
8323
8324
8325
8326
8327
8328
8329
832x
8340
8341
8342
8343
8344
8345
8346
8347
8348
8349
834x
8360
8361
8362
8363
8364
8365
8366
8367
8368
8369
836x
8380
8381
8382
8383
8384
8385
8386
8387
8388
8389
838x
8400
8401
8402
8403
8404
8405
8406
8407
8408
8409
840x
8420
8421
8422
8423
8424
8425
8426
8427
8428
8429
842x
8440
8441
8442
8443
8444
8445
8446
8447
8448
8449
844x
8460
8461
8462
8463
8464
8465
8466
8467
8468
8469
846x
8480
8481
8482
8483
8484
8485
8486
8487
8488
8489
848x
8500
8501
8502
8503
8504
8505
8506
8507
8508
8509
850x
8520
8521
8522
8523
8524
8525
8526
8527
8528
8529
852x
8540
8541
8542
8543
8544
8545
8546
8547
8548
8549
854x
8560
8561
8562
8563
8564
8565
8566
8567
8568
8569
856x
8580
8581
8582
8583
8584
8585
8586
8587
8588
8589
858x
8600
8601
8602
8603
8604
8605
8606
8607
8608
8609
860x
8620
8621
8622
8623
8624
8625
8626
8627
8628
8629
862x
8640
8641
8642
8643
8644
8645
8646
8647
8648
8649
864x
8660
8661
8662
8663
8664
8665
8666
8667
8668
8669
866x
8680
8681
8682
8683
8684
8685
8686
8687
8688
8689
868x
8700
8701
8702
8703
8704
8705
8706
8707
8708
8709
870x
8720
8721
8722
8723
8724
8725
8726
8727
8728
8729
872x
8740
8741
8742
8743
8744
8745
8746
8747
8748
8749
874x
8760
8761
8762
8763
8764
8765
8766
8767
8768
8769
876x
8780
8781
8782
8783
8784
8785
8786
8787
8788
8789
878x
8800
8801
8802
8803
8804
8805
8806
8807
8808
8809
880x
8820
8821
8822
8823
8824
8825
8826
8827
8828
8829
882x
8840
8841
8842
8843
8844
8845
8846
8847
8848
8849
884x
8860
8861
8862
8863
8864
8865
8866
8867
8868
8869
886x
8880
8881
8882
8883
8884
8885
8886
8887
8888
8889
888x
8900
8901
8902
8903
8904
8905
8906
8907
8908
8909
890x
8920
8921
8922
8923
8924
8925
8926
8927
8928
8929
892x
8940
8941
8942
8943
8944
8945
8946
8947
8948
8949
894x
8960
8961
8962
8963
8964
8965
8966
8967
8968
8969
896x
8980
8981
8982
8983
8984
8985
8986
8987
8988
8989
898x
9000
9001
9002
9003
9004
9005
9006
9007
9008
9009
900x
9020
9021
9022
9023
9024
9025
9026
9027
9028
9029
902x
9040
9041
9042
9043
9044
9045
9046
9047
9048
9049
904x
9060
9061
9062
9063
9064
9065
9066
9067
9068
9069
906x
9080
9081
9082
9083
9084
9085
9086
9087
9088
9089
908x
9100
9101
9102
9103
9104
9105
9106
9107
9108
9109
910x
9120
9121
9122
9123
9124
9125
9126
9127
9128
9129
912x
9140
9141
9142
9143
9144
9145
9146
9147
9148
9149
914x
9160
9161
9162
9163
9164
9165
9166
9167
9168
9169
916x
9180
9181
9182
9183
9184
9185
9186
9187
9188
9189
918x
9200
9201
9202
9203
9204
9205
9206
9207
9208
9209
920x
9220
9221
9222
9223
9224
9225
9226
9227
9228
9229
922x
9240
9241
9242
9243
9244
9245
9246
9247
9248
9249
924x
9260
9261
9262
9263
9264
9265
9266
9267
9268
9269
926x
9280
9281
9282
9283
9284
9285
9286
9287
9288
9289
928x
9300
9301
9302
9303
9304
9305
9306
9307
9308
9309
930x
9320
9321
9322
9323
9324
9325
9326
9327
9328
9329
932x
9340
9341
9342
9343
9344
9345
9346
9347
9348
9349
934x
9360
9361
9362
9363
9364
9365
9366
9367
9368
9369
936x
9380
9381
9382
9383
9384
9385
9386
9387
9388
9389
938x
9400
9401
9402
9403
9404
9405
9406
9407
9408
9409
940x
9420
9421
9422
9423
9424
9425
9426
9427
9428
9429
942x
9440
9441
9442
9443
9444
9445
9446
9447
9448
9449
944x
9460
9461
9462
9463
9464
9465
9466
9467
9468
9469
946x
9480
9481
9482
9483
9484
9485
9486
9487
9488
9489
948x
9500
9501
9502
9503
9504
9505
9506
9507
9508
9509
950x
9520
9521
9522
9523
9524
9525
9526
9527
9528
9529
952x
9540
9541
9542
9543
9544
9545
9546
9547
9548
9549
954x
9560
9561
9562
9563
9564
9565
9566
9567
9568
9569
956x
9580
9581
9582
9583
9584
9585
9586
9587
9588
9589
958x
9600
9601
9602
9603
9604
9605
9606
9607
9608
9609
960x
9620
9621
9622
9623
9624
9625
9626
9627
9628
9629
962x
9640
9641
9642
9643
9644
9645
9646
9647
9648
9649
964x
9660
9661
9662
9663
9664
9665
9666
9667
9668
9669
966x
9680
9681
9682
9683
9684
9685
9686
9687
9688
9689
968x
9700
9701
9702
9703
9704
9705
9706
9707
9708
9709
970x
9720
9721
9722
9723
9724
9725
9726
9727
9728
9729
972x
9740
9741
9742
9743
9744
9745
9746
9747
9748
9749
974x
9760
9761
9762
9763
9764
9765
9766
9767
9768
9769
976x
9780
9781
9782
9783
9784
9785
9786
9787
9788
9789
978x
9800
9801
9802
9803
9804
9805
9806
9807
9808
9809
980x
9820
9821
9822
9823
9824
9825
9826
9827
9828
9829
982x
9840
9841
9842
9843
9844
9845
9846
9847
9848
9849
984x
9860
9861
9862
9863
9864
9865
9866
9867
9868
9869
986x
9880
9881
9882
9883
9884
9885
9886
9887
9888
9889
988x
9900
9901
9902
9903
9904
9905
9906
9907
9908
9909
990x
9920
9921
9922
9923
9924
9925
9926
9927
9928
9929
992x
9940
9941
9942
9943
9944
9945
9946
9947
9948
9949
994x
9960
9961
9962
9963
9964
9965
9966
9967
9968
9969
996x
9980
9981
9982
9983
9984
9985
9986
9987
9988
9989
998x
